12 0.5138888890625 0.5341796875 0.5138888890625 0.5322265625 0.5104166671875 0.5302734375 0.5138888890625 0.5244140625 0.512152778125 0.5234375 0.5017361109375 0.5234375 0.49305555625 0.5283203125 0.49305555625 0.5302734375 0.4982638890625 0.53125 0.5069444437499999 0.5361328125 0.503472221875 0.5380859375 0.503472221875 0.5419921875 0.5052083328125 0.54296875 0.512152778125 0.54296875 0.5138888890625 0.5419921875 0.5138888890625 0.5400390625 0.5104166671875 0.5380859375 0.5104166671875 0.5361328125 0.5138888890625 0.5341796875
12 0.484375 0.52734375 0.4861111109375 0.5263671875 0.484375 0.525390625 0.47743055625 0.525390625 0.4739583328125 0.5234375 0.46006944375 0.5234375 0.4548611109375 0.5263671875 0.4583333328125 0.5283203125 0.4583333328125 0.5322265625 0.46527777812500004 0.5361328125 0.46527777812500004 0.5400390625 0.4670138890625 0.541015625 0.46875 0.5400390625 0.47222222187499996 0.5380859375 0.47222222187499996 0.5302734375 0.47743055625 0.52734375 0.484375 0.52734375
12 0.4513888890625 0.5087890625 0.4548611109375 0.5068359375 0.4548611109375 0.5009765625 0.4513888890625 0.4990234375 0.4513888890625 0.4931640625 0.44618055625 0.490234375 0.44444444375 0.4912109375 0.44444444375 0.4970703125 0.44097222187499996 0.4990234375 0.44097222187499996 0.5029296875 0.4375 0.5048828125 0.4375 0.5068359375 0.44444444375 0.5087890625 0.44444444375 0.5107421875 0.44097222187499996 0.5126953125 0.44444444375 0.5185546875 0.44618055625 0.51953125 0.4513888890625 0.5185546875 0.4513888890625 0.5166015625 0.4479166671875 0.5146484375 0.4513888890625 0.5126953125 0.4513888890625 0.5087890625
12 0.2916666671875 0.5517578125 0.2951388890625 0.5498046875 0.2916666671875 0.5439453125 0.2864583328125 0.541015625 0.2829861109375 0.541015625 0.27777777812500004 0.5439453125 0.27777777812500004 0.5478515625 0.2708333328125 0.5537109375 0.27430555624999997 0.5556640625 0.27430555624999997 0.5595703125 0.2760416671875 0.560546875 0.27777777812500004 0.5595703125 0.2795138890625 0.55859375 0.2864583328125 0.55859375 0.2916666671875 0.5556640625 0.2916666671875 0.5517578125
12 0.5642361109375 0.556640625 0.5607638890625 0.556640625 0.550347221875 0.552734375 0.5399305562500001 0.552734375 0.5364583328125 0.5546875 0.53125 0.5556640625 0.53125 0.5576171875 0.5364583328125 0.55859375 0.5399305562500001 0.560546875 0.546875 0.560546875 0.550347221875 0.5625 0.5572916671875 0.5625 0.559027778125 0.5654296875 0.5625 0.5673828125 0.5625 0.5693359375 0.5642361109375 0.5703125 0.565972221875 0.5693359375 0.5694444437499999 0.5673828125 0.5694444437499999 0.5615234375 0.565972221875 0.5595703125 0.5642361109375 0.556640625
12 0.6111111109375 0.6513671875 0.609375 0.6484375 0.5885416671875 0.6484375 0.5850694437499999 0.650390625 0.578125 0.650390625 0.5763888890625 0.6513671875 0.5763888890625 0.6552734375 0.578125 0.65625 0.5850694437499999 0.65625 0.5920138890625 0.66015625 0.5954861109375 0.66015625 0.597222221875 0.6591796875 0.597222221875 0.6552734375 0.6024305562500001 0.654296875 0.6041666671875 0.6552734375 0.6041666671875 0.6611328125 0.605902778125 0.662109375 0.6076388890625 0.6611328125 0.6076388890625 0.6591796875 0.6145833328125 0.6552734375 0.6145833328125 0.6533203125 0.6111111109375 0.6513671875
12 0.3125 0.2783203125 0.3125 0.2744140625 0.3072916671875 0.2734375 0.30555555624999997 0.2705078125 0.30902777812500004 0.2685546875 0.3107638890625 0.265625 0.3177083328125 0.265625 0.31944444375000003 0.2646484375 0.31944444375000003 0.2607421875 0.3177083328125 0.259765625 0.3107638890625 0.259765625 0.30381944375000003 0.263671875 0.30034722187499996 0.263671875 0.2916666671875 0.2685546875 0.2916666671875 0.2744140625 0.28472222187499996 0.2783203125 0.2864583328125 0.28125 0.2916666671875 0.2802734375 0.30034722187499996 0.275390625 0.30381944375000003 0.275390625 0.3107638890625 0.279296875 0.3125 0.2783203125
12 0.5833333328125 0.5986328125 0.578125 0.595703125 0.574652778125 0.595703125 0.5642361109375 0.58984375 0.5572916671875 0.58984375 0.5486111109375 0.5947265625 0.5572916671875 0.599609375 0.5677083328125 0.6015625 0.578125 0.607421875 0.5833333328125 0.6064453125 0.5833333328125 0.6044921875 0.5868055562500001 0.6025390625 0.5833333328125 0.6005859375 0.5833333328125 0.5986328125
12 0.24305555625 0.5146484375 0.24305555625 0.5107421875 0.24131944375 0.509765625 0.237847221875 0.509765625 0.234375 0.5078125 0.22395833281250002 0.5078125 0.21875 0.5107421875 0.21875 0.5126953125 0.215277778125 0.5146484375 0.215277778125 0.5185546875 0.22048611093749998 0.521484375 0.22395833281250002 0.51953125 0.22743055625 0.51953125 0.230902778125 0.521484375 0.23611111093749998 0.5205078125 0.237847221875 0.51953125 0.24826388906250002 0.51953125 0.25 0.5166015625 0.24305555625 0.5146484375
12 0.38368055624999997 0.533203125 0.3802083328125 0.53515625 0.3767361109375 0.53515625 0.3732638890625 0.533203125 0.3697916671875 0.53515625 0.36631944375000003 0.53515625 0.359375 0.5390625 0.35590277812500004 0.5390625 0.35243055624999997 0.541015625 0.34722222187499996 0.5419921875 0.3489583328125 0.54296875 0.3732638890625 0.54296875 0.3767361109375 0.541015625 0.39409722187499996 0.541015625 0.39756944375000003 0.54296875 0.40277777812500004 0.5419921875 0.40277777812500004 0.5361328125 0.39756944375000003 0.53515625 0.39409722187499996 0.533203125 0.38368055624999997 0.533203125
12 0.42881944375 0.208984375 0.41840277812500004 0.208984375 0.41493055625 0.20703125 0.4079861109375 0.2109375 0.4045138890625 0.2109375 0.4010416671875 0.212890625 0.39756944375000003 0.212890625 0.39409722187499996 0.21484375 0.390625 0.21484375 0.38715277812500004 0.216796875 0.38194444375000003 0.2177734375 0.38715277812500004 0.220703125 0.4079861109375 0.220703125 0.4114583328125 0.21875 0.41493055625 0.21875 0.41840277812500004 0.220703125 0.4201388890625 0.2197265625 0.4201388890625 0.2177734375 0.4270833328125 0.2158203125 0.43055555625 0.2099609375 0.42881944375 0.208984375
12 0.5885416671875 0.294921875 0.5920138890625 0.296875 0.609375 0.296875 0.6111111109375 0.2958984375 0.6111111109375 0.2900390625 0.612847221875 0.2890625 0.6232638890625 0.2890625 0.625 0.2900390625 0.625 0.2939453125 0.6302083328125 0.296875 0.6336805562500001 0.296875 0.6354166671875 0.2939453125 0.6319444437499999 0.2919921875 0.6319444437499999 0.2900390625 0.6267361109375 0.287109375 0.6232638890625 0.287109375 0.6197916671875 0.28515625 0.612847221875 0.28515625 0.605902778125 0.2890625 0.5989583328125 0.2890625 0.5954861109375 0.29296875 0.5642361109375 0.29296875 0.559027778125 0.2958984375 0.5642361109375 0.298828125 0.5694444437499999 0.2978515625 0.5711805562500001 0.296875 0.581597221875 0.296875 0.5850694437499999 0.294921875 0.5885416671875 0.294921875
12 0.7013888890625 0.6123046875 0.699652778125 0.609375 0.6979166671875 0.6103515625 0.6979166671875 0.6162109375 0.6944444437499999 0.6181640625 0.6944444437499999 0.6240234375 0.7013888890625 0.6279296875 0.7013888890625 0.6318359375 0.706597221875 0.6328125 0.7100694437499999 0.630859375 0.7204861109375 0.634765625 0.722222221875 0.6337890625 0.722222221875 0.6298828125 0.71875 0.6279296875 0.71875 0.6220703125 0.7013888890625 0.6123046875
12 0.550347221875 0.62109375 0.5642361109375 0.62109375 0.5694444437499999 0.6181640625 0.5694444437499999 0.6142578125 0.5642361109375 0.611328125 0.550347221875 0.611328125 0.546875 0.61328125 0.543402778125 0.61328125 0.5364583328125 0.6171875 0.5329861109375 0.6171875 0.5208333328125 0.6240234375 0.5260416671875 0.626953125 0.5329861109375 0.626953125 0.5364583328125 0.62890625 0.5416666671875 0.6279296875 0.5416666671875 0.6201171875 0.543402778125 0.619140625 0.546875 0.619140625 0.550347221875 0.62109375
12 0.42881944375 0.662109375 0.4322916671875 0.66015625 0.4392361109375 0.66015625 0.44444444375 0.6572265625 0.44097222187499996 0.6552734375 0.44097222187499996 0.6533203125 0.4357638890625 0.650390625 0.4322916671875 0.650390625 0.42881944375 0.6484375 0.41840277812500004 0.650390625 0.40972222187499996 0.6552734375 0.40972222187499996 0.6669921875 0.41493055625 0.669921875 0.4166666671875 0.6689453125 0.4201388890625 0.6669921875 0.4201388890625 0.6630859375 0.421875 0.662109375 0.42881944375 0.662109375
12 0.6197916671875 0.39453125 0.621527778125 0.3935546875 0.621527778125 0.3896484375 0.6267361109375 0.38671875 0.6319444437499999 0.3857421875 0.6319444437499999 0.3818359375 0.6388888890625 0.3779296875 0.637152778125 0.375 0.6336805562500001 0.375 0.6302083328125 0.373046875 0.625 0.3759765625 0.625 0.3818359375 0.6232638890625 0.3828125 0.612847221875 0.3828125 0.6111111109375 0.3837890625 0.6111111109375 0.3896484375 0.605902778125 0.392578125 0.5989583328125 0.392578125 0.597222221875 0.3935546875 0.6006944437499999 0.3955078125 0.59375 0.3974609375 0.59375 0.4013671875 0.5989583328125 0.404296875 0.6041666671875 0.4033203125 0.6111111109375 0.3994140625 0.6111111109375 0.3955078125 0.612847221875 0.39453125 0.6197916671875 0.39453125
12 0.5989583328125 0.509765625 0.5920138890625 0.505859375 0.5885416671875 0.5078125 0.578125 0.5078125 0.5711805562500001 0.51171875 0.5607638890625 0.505859375 0.5555555562500001 0.5068359375 0.5555555562500001 0.5107421875 0.5642361109375 0.515625 0.5711805562500001 0.515625 0.574652778125 0.513671875 0.5850694437499999 0.517578125 0.5954861109375 0.517578125 0.5989583328125 0.515625 0.605902778125 0.51953125 0.6076388890625 0.5185546875 0.6111111109375 0.5166015625 0.6111111109375 0.5087890625 0.609375 0.5078125 0.5989583328125 0.509765625
12 0.34027777812500004 0.5712890625 0.34027777812500004 0.5654296875 0.3385416671875 0.564453125 0.33159722187499996 0.564453125 0.3298611109375 0.5673828125 0.3263888890625 0.5693359375 0.3263888890625 0.5732421875 0.32118055624999997 0.576171875 0.3177083328125 0.57421875 0.30902777812500004 0.5791015625 0.30902777812500004 0.5849609375 0.3142361109375 0.587890625 0.32118055624999997 0.587890625 0.3263888890625 0.5908203125 0.328125 0.59375 0.33506944375000003 0.59375 0.33680555624999997 0.5927734375 0.33680555624999997 0.5908203125 0.3333333328125 0.5888671875 0.3333333328125 0.5751953125 0.34027777812500004 0.5712890625
12 0.65625 0.3310546875 0.652777778125 0.3291015625 0.652777778125 0.3271484375 0.6493055562500001 0.3251953125 0.6493055562500001 0.3212890625 0.6458333328125 0.3193359375 0.6458333328125 0.3134765625 0.6493055562500001 0.3115234375 0.6493055562500001 0.3076171875 0.6458333328125 0.3056640625 0.6458333328125 0.3037109375 0.6423611109375 0.3017578125 0.640625 0.298828125 0.6354166671875 0.3017578125 0.6388888890625 0.3037109375 0.6388888890625 0.3447265625 0.644097221875 0.34765625 0.6458333328125 0.3466796875 0.6458333328125 0.3447265625 0.652777778125 0.3388671875 0.652777778125 0.3330078125 0.65625 0.3310546875
12 0.6579861109375 0.4921875 0.6545138890625 0.494140625 0.6475694437499999 0.494140625 0.644097221875 0.4921875 0.6267361109375 0.4921875 0.625 0.4912109375 0.625 0.4873046875 0.6197916671875 0.484375 0.612847221875 0.484375 0.6076388890625 0.4873046875 0.6111111109375 0.4892578125 0.6111111109375 0.4990234375 0.612847221875 0.5 0.6163194437499999 0.5 0.6197916671875 0.498046875 0.6232638890625 0.498046875 0.6267361109375 0.5 0.637152778125 0.5 0.640625 0.498046875 0.644097221875 0.498046875 0.6475694437499999 0.5 0.6510416671875 0.5 0.6545138890625 0.498046875 0.6579861109375 0.498046875 0.6614583328125 0.5 0.6666666671875 0.4990234375 0.6701388890625 0.4970703125 0.6701388890625 0.4951171875 0.6649305562500001 0.4921875 0.6579861109375 0.4921875
12 0.47222222187499996 0.4833984375 0.4739583328125 0.48046875 0.4982638890625 0.48046875 0.5017361109375 0.478515625 0.512152778125 0.4765625 0.5138888890625 0.4736328125 0.5208333328125 0.4697265625 0.519097221875 0.46875 0.5017361109375 0.46875 0.5 0.4716796875 0.4947916671875 0.474609375 0.49131944375 0.474609375 0.48784722187499996 0.4765625 0.4739583328125 0.4765625 0.4670138890625 0.47265625 0.46527777812500004 0.4755859375 0.46006944375 0.4765625 0.4583333328125 0.4736328125 0.453125 0.470703125 0.44618055625 0.474609375 0.4427083328125 0.47265625 0.44097222187499996 0.4755859375 0.44444444375 0.4775390625 0.44444444375 0.4794921875 0.44965277812500004 0.482421875 0.4513888890625 0.4794921875 0.45659722187499996 0.478515625 0.46875 0.4853515625 0.46875 0.4873046875 0.46527777812500004 0.4892578125 0.46527777812500004 0.4951171875 0.4670138890625 0.49609375 0.46875 0.4951171875 0.47222222187499996 0.4931640625 0.47222222187499996 0.4873046875 0.47569444375 0.4853515625 0.47222222187499996 0.4833984375
12 0.527777778125 0.3173828125 0.5243055562500001 0.3154296875 0.5329861109375 0.310546875 0.5364583328125 0.3125 0.543402778125 0.3125 0.546875 0.314453125 0.550347221875 0.3125 0.5538194437499999 0.3125 0.5555555562500001 0.3115234375 0.5555555562500001 0.3037109375 0.5538194437499999 0.302734375 0.550347221875 0.302734375 0.546875 0.3046875 0.5329861109375 0.3046875 0.5260416671875 0.30078125 0.5225694437499999 0.30078125 0.519097221875 0.302734375 0.512152778125 0.302734375 0.5104166671875 0.3037109375 0.5104166671875 0.3056640625 0.5069444437499999 0.3076171875 0.5069444437499999 0.3115234375 0.512152778125 0.3125 0.515625 0.314453125 0.519097221875 0.314453125 0.5208333328125 0.3154296875 0.5208333328125 0.3193359375 0.515625 0.3203125 0.5138888890625 0.3232421875 0.5069444437499999 0.3251953125 0.5069444437499999 0.3271484375 0.5086805562500001 0.328125 0.515625 0.328125 0.519097221875 0.326171875 0.5225694437499999 0.328125 0.5243055562500001 0.3271484375 0.527777778125 0.3251953125 0.5208333328125 0.3232421875 0.527777778125 0.3193359375 0.527777778125 0.3173828125
12 0.23611111093749998 0.3662109375 0.23611111093749998 0.3623046875 0.23958333281250002 0.3603515625 0.23958333281250002 0.3525390625 0.23611111093749998 0.3505859375 0.23611111093749998 0.3486328125 0.23958333281250002 0.3466796875 0.23958333281250002 0.3427734375 0.24131944375 0.341796875 0.24479166718749998 0.34375 0.246527778125 0.3427734375 0.246527778125 0.3369140625 0.25 0.3349609375 0.25 0.3154296875 0.24826388906250002 0.314453125 0.24305555625 0.3154296875 0.24305555625 0.3193359375 0.23611111093749998 0.3251953125 0.23611111093749998 0.3271484375 0.23958333281250002 0.3291015625 0.23958333281250002 0.3349609375 0.23611111093749998 0.3369140625 0.23611111093749998 0.3388671875 0.22916666718749998 0.3427734375 0.22916666718749998 0.3583984375 0.22569444375 0.3603515625 0.22916666718749998 0.3623046875 0.22916666718749998 0.3759765625 0.234375 0.37890625 0.23611111093749998 0.3779296875 0.23611111093749998 0.3720703125 0.23958333281250002 0.3701171875 0.23958333281250002 0.3681640625 0.23611111093749998 0.3662109375
12 0.6111111109375 0.5888671875 0.6111111109375 0.5830078125 0.6145833328125 0.5810546875 0.6145833328125 0.5771484375 0.6111111109375 0.5751953125 0.6111111109375 0.5712890625 0.609375 0.5703125 0.5954861109375 0.5703125 0.5920138890625 0.572265625 0.5868055562500001 0.5732421875 0.5868055562500001 0.5771484375 0.5833333328125 0.5791015625 0.5833333328125 0.5830078125 0.5868055562500001 0.5849609375 0.5868055562500001 0.5927734375 0.5920138890625 0.595703125 0.5989583328125 0.595703125 0.6024305562500001 0.59765625 0.6041666671875 0.5966796875 0.6041666671875 0.5947265625 0.609375 0.59375 0.6145833328125 0.5908203125 0.6111111109375 0.5888671875
12 0.44444444375 0.2998046875 0.44097222187499996 0.2978515625 0.44097222187499996 0.2939453125 0.4392361109375 0.29296875 0.4357638890625 0.296875 0.43402777812500004 0.2958984375 0.43402777812500004 0.2919921875 0.42881944375 0.2890625 0.42534722187499996 0.291015625 0.4114583328125 0.291015625 0.4079861109375 0.2890625 0.39756944375000003 0.2890625 0.3958333328125 0.2880859375 0.3958333328125 0.2822265625 0.39409722187499996 0.28125 0.3888888890625 0.2822265625 0.3888888890625 0.2841796875 0.3854166671875 0.2861328125 0.3888888890625 0.2880859375 0.3888888890625 0.2939453125 0.39409722187499996 0.296875 0.41493055625 0.296875 0.4166666671875 0.2978515625 0.4166666671875 0.3056640625 0.421875 0.30859375 0.42534722187499996 0.3046875 0.4357638890625 0.302734375 0.4375 0.3037109375 0.4322916671875 0.3046875 0.43055555625 0.3076171875 0.4392361109375 0.3125 0.44444444375 0.3115234375 0.44444444375 0.3095703125 0.44097222187499996 0.3076171875 0.44444444375 0.3056640625 0.44444444375 0.2998046875
12 0.36284722187499996 0.267578125 0.36631944375000003 0.265625 0.3767361109375 0.265625 0.3802083328125 0.263671875 0.38368055624999997 0.265625 0.3888888890625 0.2626953125 0.3854166671875 0.2607421875 0.3854166671875 0.2548828125 0.38368055624999997 0.25390625 0.3802083328125 0.2578125 0.36284722187499996 0.2578125 0.359375 0.255859375 0.35590277812500004 0.255859375 0.35243055624999997 0.2578125 0.3489583328125 0.2578125 0.3420138890625 0.26171875 0.34027777812500004 0.2587890625 0.34375 0.2568359375 0.34375 0.2509765625 0.34722222187499996 0.2490234375 0.34722222187499996 0.2451171875 0.3454861109375 0.244140625 0.33159722187499996 0.244140625 0.328125 0.24609375 0.32465277812500004 0.24609375 0.3229166671875 0.2490234375 0.3263888890625 0.2509765625 0.3263888890625 0.2529296875 0.3229166671875 0.2548828125 0.3229166671875 0.2568359375 0.3333333328125 0.2587890625 0.3333333328125 0.2607421875 0.33680555624999997 0.2626953125 0.33680555624999997 0.2685546875 0.3385416671875 0.26953125 0.34027777812500004 0.2685546875 0.3420138890625 0.265625 0.3454861109375 0.265625 0.3489583328125 0.267578125 0.36284722187499996 0.267578125
12 0.5260416671875 0.65234375 0.5295138890625 0.650390625 0.5364583328125 0.650390625 0.5399305562500001 0.6484375 0.543402778125 0.6484375 0.5451388890625 0.6455078125 0.5399305562500001 0.642578125 0.5295138890625 0.640625 0.527777778125 0.6376953125 0.5225694437499999 0.634765625 0.5086805562500001 0.634765625 0.5 0.6396484375 0.5 0.6416015625 0.49305555625 0.6455078125 0.49305555625 0.6474609375 0.4826388890625 0.6533203125 0.484375 0.65625 0.48784722187499996 0.654296875 0.49131944375 0.654296875 0.4947916671875 0.65625 0.5 0.6552734375 0.5017361109375 0.654296875 0.5086805562500001 0.654296875 0.512152778125 0.65234375 0.5260416671875 0.65234375
12 0.6302083328125 0.53515625 0.6336805562500001 0.5390625 0.6388888890625 0.5380859375 0.6388888890625 0.5302734375 0.6336805562500001 0.52734375 0.6302083328125 0.52734375 0.6232638890625 0.5234375 0.5989583328125 0.5234375 0.5954861109375 0.521484375 0.5920138890625 0.521484375 0.5885416671875 0.5234375 0.5850694437499999 0.5234375 0.581597221875 0.521484375 0.574652778125 0.521484375 0.5711805562500001 0.5234375 0.5607638890625 0.5234375 0.5572916671875 0.521484375 0.5520833328125 0.5244140625 0.5520833328125 0.5263671875 0.5572916671875 0.529296875 0.5677083328125 0.529296875 0.5711805562500001 0.53125 0.5989583328125 0.53125 0.6024305562500001 0.529296875 0.6163194437499999 0.529296875 0.6197916671875 0.52734375 0.6232638890625 0.52734375 0.625 0.5302734375 0.6145833328125 0.5361328125 0.6145833328125 0.5478515625 0.6163194437499999 0.548828125 0.621527778125 0.5478515625 0.621527778125 0.5400390625 0.625 0.5380859375 0.625 0.5361328125 0.6302083328125 0.53515625
12 0.5920138890625 0.494140625 0.5885416671875 0.4921875 0.5572916671875 0.4921875 0.5555555562500001 0.4912109375 0.5555555562500001 0.4892578125 0.5694444437499999 0.4833984375 0.5642361109375 0.48046875 0.5607638890625 0.484375 0.5572916671875 0.482421875 0.550347221875 0.482421875 0.546875 0.484375 0.5364583328125 0.484375 0.53125 0.4873046875 0.53125 0.4892578125 0.527777778125 0.4912109375 0.527777778125 0.4951171875 0.5243055562500001 0.4970703125 0.5243055562500001 0.4990234375 0.5295138890625 0.5 0.5364583328125 0.50390625 0.5416666671875 0.5009765625 0.543402778125 0.498046875 0.546875 0.498046875 0.550347221875 0.5 0.5607638890625 0.501953125 0.5642361109375 0.5 0.5677083328125 0.5 0.5711805562500001 0.49609375 0.578125 0.5 0.581597221875 0.5 0.5920138890625 0.50390625 0.59375 0.5029296875 0.59375 0.4970703125 0.597222221875 0.4951171875 0.5954861109375 0.494140625 0.5920138890625 0.494140625
12 0.42534722187499996 0.630859375 0.43055555625 0.6298828125 0.43055555625 0.6259765625 0.42534722187499996 0.623046875 0.421875 0.625 0.4079861109375 0.625 0.40277777812500004 0.6220703125 0.40277777812500004 0.6005859375 0.40625 0.5986328125 0.4079861109375 0.595703125 0.4114583328125 0.59765625 0.4166666671875 0.5966796875 0.4166666671875 0.5869140625 0.41493055625 0.5859375 0.4045138890625 0.5859375 0.40277777812500004 0.5869140625 0.40277777812500004 0.5927734375 0.4010416671875 0.59375 0.390625 0.59375 0.38715277812500004 0.595703125 0.38368055624999997 0.595703125 0.38194444375000003 0.5986328125 0.37847222187499996 0.6005859375 0.37847222187499996 0.6044921875 0.38194444375000003 0.6064453125 0.38194444375000003 0.6123046875 0.3888888890625 0.6162109375 0.3854166671875 0.6181640625 0.3854166671875 0.6240234375 0.3888888890625 0.6259765625 0.3888888890625 0.6279296875 0.39756944375000003 0.6328125 0.4045138890625 0.6328125 0.40625 0.6318359375 0.4114583328125 0.630859375 0.41493055625 0.62890625 0.421875 0.62890625 0.42534722187499996 0.630859375
12 0.519097221875 0.359375 0.5138888890625 0.3603515625 0.5138888890625 0.3623046875 0.5104166671875 0.3642578125 0.5138888890625 0.3662109375 0.5138888890625 0.3779296875 0.5104166671875 0.3798828125 0.5104166671875 0.3818359375 0.5052083328125 0.384765625 0.5017361109375 0.384765625 0.4982638890625 0.38671875 0.49131944375 0.38671875 0.4861111109375 0.3837890625 0.4861111109375 0.3818359375 0.4826388890625 0.3798828125 0.4826388890625 0.3681640625 0.4861111109375 0.3662109375 0.4861111109375 0.3603515625 0.4791666671875 0.3564453125 0.4791666671875 0.3525390625 0.47743055625 0.3515625 0.47222222187499996 0.3544921875 0.47222222187499996 0.3564453125 0.46875 0.3583984375 0.47222222187499996 0.3603515625 0.46875 0.3662109375 0.47222222187499996 0.3681640625 0.47569444375 0.3740234375 0.46875 0.3798828125 0.46875 0.3857421875 0.46527777812500004 0.3876953125 0.4739583328125 0.392578125 0.47743055625 0.392578125 0.48090277812500004 0.390625 0.484375 0.390625 0.48784722187499996 0.392578125 0.4947916671875 0.392578125 0.4982638890625 0.390625 0.512152778125 0.390625 0.515625 0.392578125 0.5225694437499999 0.392578125 0.5243055562500001 0.3916015625 0.527777778125 0.3896484375 0.527777778125 0.3603515625 0.5225694437499999 0.357421875 0.519097221875 0.359375
12 0.4861111109375 0.6416015625 0.48090277812500004 0.638671875 0.47743055625 0.640625 0.4704861109375 0.640625 0.46875 0.6396484375 0.46875 0.6298828125 0.4704861109375 0.62890625 0.47743055625 0.62890625 0.4791666671875 0.6298828125 0.4791666671875 0.6318359375 0.47222222187499996 0.6337890625 0.47743055625 0.63671875 0.48090277812500004 0.634765625 0.48784722187499996 0.634765625 0.4895833328125 0.6337890625 0.4895833328125 0.6298828125 0.49305555625 0.6279296875 0.48784722187499996 0.625 0.484375 0.625 0.48090277812500004 0.623046875 0.47743055625 0.625 0.4704861109375 0.625 0.46875 0.6240234375 0.46875 0.6220703125 0.47569444375 0.6201171875 0.47222222187499996 0.6142578125 0.47743055625 0.61328125 0.48090277812500004 0.615234375 0.4826388890625 0.6123046875 0.4861111109375 0.6103515625 0.4861111109375 0.6083984375 0.48090277812500004 0.60546875 0.47743055625 0.607421875 0.4704861109375 0.607421875 0.4670138890625 0.60546875 0.4635416671875 0.60546875 0.4583333328125 0.6025390625 0.4583333328125 0.5986328125 0.46180555625 0.5966796875 0.46180555625 0.5947265625 0.4548611109375 0.5927734375 0.4548611109375 0.5791015625 0.4513888890625 0.5771484375 0.45659722187499996 0.57421875 0.46180555625 0.5771484375 0.4583333328125 0.5791015625 0.46527777812500004 0.5830078125 0.4670138890625 0.5859375 0.47222222187499996 0.5830078125 0.47222222187499996 0.5791015625 0.4739583328125 0.578125 0.484375 0.578125 0.4861111109375 0.5751953125 0.47743055625 0.5703125 0.4739583328125 0.5703125 0.4704861109375 0.568359375 0.4635416671875 0.568359375 0.46006944375 0.5703125 0.45659722187499996 0.5703125 0.4513888890625 0.5673828125 0.4513888890625 0.5478515625 0.44444444375 0.5439453125 0.4479166671875 0.5419921875 0.4479166671875 0.5322265625 0.4513888890625 0.5302734375 0.4513888890625 0.5263671875 0.44618055625 0.5234375 0.44444444375 0.5263671875 0.4392361109375 0.52734375 0.4357638890625 0.529296875 0.4322916671875 0.5234375 0.41840277812500004 0.5234375 0.4166666671875 0.5224609375 0.4166666671875 0.5087890625 0.4114583328125 0.505859375 0.4079861109375 0.5078125 0.4045138890625 0.5078125 0.40277777812500004 0.5048828125 0.40625 0.5029296875 0.40625 0.5009765625 0.4045138890625 0.5 0.390625 0.5 0.3888888890625 0.4970703125 0.3923611109375 0.4951171875 0.38715277812500004 0.4921875 0.3767361109375 0.4921875 0.375 0.4951171875 0.38194444375000003 0.4970703125 0.38194444375000003 0.5009765625 0.38715277812500004 0.50390625 0.390625 0.50390625 0.3958333328125 0.5068359375 0.3958333328125 0.5087890625 0.40277777812500004 0.5126953125 0.40277777812500004 0.5185546875 0.40972222187499996 0.5224609375 0.40972222187499996 0.5244140625 0.41493055625 0.52734375 0.421875 0.52734375 0.4270833328125 0.5302734375 0.4236111109375 0.5322265625 0.4236111109375 0.5341796875 0.4270833328125 0.5361328125 0.4270833328125 0.5380859375 0.4236111109375 0.5400390625 0.4236111109375 0.5458984375 0.4270833328125 0.5478515625 0.4270833328125 0.5537109375 0.4236111109375 0.5556640625 0.4236111109375 0.5576171875 0.4270833328125 0.5595703125 0.4236111109375 0.5615234375 0.4236111109375 0.5654296875 0.43055555625 0.5673828125 0.43055555625 0.5732421875 0.43402777812500004 0.5751953125 0.43055555625 0.5771484375 0.43055555625 0.5810546875 0.43402777812500004 0.5830078125 0.43402777812500004 0.5869140625 0.4375 0.5888671875 0.4375 0.5927734375 0.43402777812500004 0.5947265625 0.43402777812500004 0.5966796875 0.4375 0.5986328125 0.4375 0.6025390625 0.44444444375 0.6064453125 0.44444444375 0.6083984375 0.4375 0.6123046875 0.4375 0.6142578125 0.44097222187499996 0.6162109375 0.4375 0.6181640625 0.4375 0.6201171875 0.44097222187499996 0.6220703125 0.44097222187499996 0.6240234375 0.4375 0.6259765625 0.4427083328125 0.62890625 0.44965277812500004 0.62890625 0.4513888890625 0.6298828125 0.4513888890625 0.6318359375 0.4479166671875 0.6337890625 0.4479166671875 0.6357421875 0.4513888890625 0.6376953125 0.44097222187499996 0.6435546875 0.4513888890625 0.6455078125 0.4513888890625 0.6474609375 0.4479166671875 0.6494140625 0.453125 0.65234375 0.4583333328125 0.6513671875 0.4704861109375 0.64453125 0.484375 0.64453125 0.4861111109375 0.6435546875 0.4861111109375 0.6416015625
12 0.4826388890625 0.3193359375 0.4826388890625 0.3154296875 0.4861111109375 0.3134765625 0.4861111109375 0.2978515625 0.484375 0.296875 0.47743055625 0.296875 0.47222222187499996 0.2939453125 0.47569444375 0.2919921875 0.47222222187499996 0.2900390625 0.46875 0.2841796875 0.4739583328125 0.28125 0.484375 0.28125 0.48784722187499996 0.283203125 0.49131944375 0.283203125 0.4947916671875 0.28125 0.5260416671875 0.28125 0.5329861109375 0.27734375 0.546875 0.27734375 0.5520833328125 0.2744140625 0.5520833328125 0.2724609375 0.5555555562500001 0.2705078125 0.5555555562500001 0.2666015625 0.5642361109375 0.26171875 0.5677083328125 0.26171875 0.5694444437499999 0.2587890625 0.5642361109375 0.2578125 0.5607638890625 0.255859375 0.5572916671875 0.255859375 0.5538194437499999 0.25390625 0.546875 0.2578125 0.5416666671875 0.2587890625 0.5416666671875 0.2607421875 0.5486111109375 0.2626953125 0.5416666671875 0.2666015625 0.5416666671875 0.2724609375 0.5364583328125 0.275390625 0.5329861109375 0.2734375 0.5295138890625 0.2734375 0.527777778125 0.2724609375 0.527777778125 0.2646484375 0.53125 0.2626953125 0.53125 0.2587890625 0.527777778125 0.2568359375 0.527777778125 0.2548828125 0.5416666671875 0.2490234375 0.5416666671875 0.2451171875 0.543402778125 0.244140625 0.5538194437499999 0.244140625 0.5572916671875 0.24609375 0.5607638890625 0.244140625 0.5677083328125 0.244140625 0.5729166671875 0.2470703125 0.5694444437499999 0.2529296875 0.574652778125 0.255859375 0.578125 0.255859375 0.5850694437499999 0.251953125 0.5920138890625 0.251953125 0.597222221875 0.2490234375 0.597222221875 0.2470703125 0.581597221875 0.23828125 0.578125 0.23828125 0.5642361109375 0.23046875 0.5572916671875 0.23046875 0.5538194437499999 0.232421875 0.550347221875 0.232421875 0.5416666671875 0.2373046875 0.5416666671875 0.2392578125 0.5364583328125 0.2421875 0.515625 0.2421875 0.5138888890625 0.2451171875 0.5173611109375 0.2470703125 0.5173611109375 0.2509765625 0.5208333328125 0.2529296875 0.515625 0.255859375 0.5138888890625 0.2529296875 0.5086805562500001 0.25 0.5017361109375 0.25 0.5 0.2509765625 0.5 0.2529296875 0.503472221875 0.2548828125 0.503472221875 0.2587890625 0.5052083328125 0.259765625 0.512152778125 0.259765625 0.5138888890625 0.2607421875 0.5104166671875 0.2626953125 0.5173611109375 0.2646484375 0.5173611109375 0.2705078125 0.515625 0.271484375 0.5017361109375 0.271484375 0.4982638890625 0.26953125 0.4947916671875 0.26953125 0.4861111109375 0.2646484375 0.4861111109375 0.2626953125 0.49305555625 0.2607421875 0.48784722187499996 0.2578125 0.47743055625 0.2578125 0.47569444375 0.2548828125 0.46875 0.2509765625 0.47222222187499996 0.2490234375 0.47222222187499996 0.2431640625 0.46527777812500004 0.2412109375 0.46527777812500004 0.2353515625 0.4635416671875 0.234375 0.4583333328125 0.2353515625 0.4583333328125 0.2392578125 0.453125 0.2421875 0.4322916671875 0.2421875 0.43055555625 0.2431640625 0.43055555625 0.2470703125 0.4322916671875 0.248046875 0.4357638890625 0.248046875 0.4392361109375 0.25 0.4427083328125 0.248046875 0.44965277812500004 0.248046875 0.4548611109375 0.2509765625 0.453125 0.25390625 0.44618055625 0.25390625 0.44097222187499996 0.2568359375 0.44444444375 0.2587890625 0.44097222187499996 0.2646484375 0.44965277812500004 0.26953125 0.453125 0.267578125 0.4635416671875 0.26953125 0.46527777812500004 0.2685546875 0.46527777812500004 0.2666015625 0.46180555625 0.2646484375 0.4635416671875 0.263671875 0.4739583328125 0.26953125 0.4791666671875 0.2705078125 0.4791666671875 0.2724609375 0.4739583328125 0.2734375 0.47222222187499996 0.2705078125 0.4670138890625 0.26953125 0.46006944375 0.2734375 0.45659722187499996 0.2734375 0.4513888890625 0.2763671875 0.4548611109375 0.2783203125 0.44965277812500004 0.28125 0.4392361109375 0.28125 0.43402777812500004 0.2841796875 0.4375 0.2861328125 0.4392361109375 0.2890625 0.4427083328125 0.2890625 0.44618055625 0.28515625 0.4513888890625 0.2861328125 0.4513888890625 0.2880859375 0.4548611109375 0.2900390625 0.4548611109375 0.2919921875 0.4513888890625 0.2939453125 0.4513888890625 0.3037109375 0.453125 0.3046875 0.4583333328125 0.3037109375 0.4583333328125 0.3017578125 0.4548611109375 0.2998046875 0.45659722187499996 0.298828125 0.4635416671875 0.298828125 0.4670138890625 0.296875 0.46875 0.2978515625 0.46875 0.3037109375 0.47222222187499996 0.3056640625 0.47222222187499996 0.3271484375 0.4739583328125 0.328125 0.5017361109375 0.328125 0.503472221875 0.3271484375 0.503472221875 0.3232421875 0.4982638890625 0.3203125 0.484375 0.3203125 0.4826388890625 0.3193359375